862
18325036
67818946
88209190
57345315
6269098
54722795
98591983
87381751
76601005
18532632
46440311
72954029
4879755
40929054
81216280
1503251
41336323
3762094
19978197
87083347
74349652
12810005
58056244
55631505
37643107
65515360
13427893
96890416
5804537
70180322
7894819
40030306
89900781
50947701
63477668
2305320
53579324
23240794
28220180
63408717
67991981
23409331
64654828
75981606
40563151
35427986
14192497
64729775
1896273
53682504
84358189
15535877
28121518
35353137
18488037
42849805
15602252
19211970
30376668
28526342
60543261
33119794
93150281
78612375
10364314
67655782
36204592
64236143
36233269
39517096
1439278
77753896
57535486
47182170
39210285
6985583
9205207
20287163
17912409
90500742
29375273
71163568
90812299
99829015
69835258
21611169
33202621
4910241
87527694
74703110
46758203
71032544
91920580
21098840
16603111
48603792
19246786
55954850
34075497
53656589
15926095
92298823
19379238
24462459
41324371
79289942
14072193
91855491
14835396
22821882
42145837
69694563
52708360
1598082
94602437
46444347
81003829
21866271
35690404
13495117
28069524
59157889
61557215
61642335
15957034
60291985
37477093
80452232
83460106
16773863
7359689
21881315
85594609
70291430
16487988
16723500
59330639
42623986
5243230
31917991
33818685
44259489
92854060
89617998
62107532
39103920
28147690
79575067
95164881
25051300
42036154
92772944
33215917
1433044
64952959
84695745
39919401
92621160
87653826
81882905
92814965
94931214
30640798
76423847
12209777
54532613
11489134
79343890
8021610
59970188
44746342
14208049
17996817
57645084
65131709
39386892
85692480
26869208
22678781
42332345
39793587
10148568
2874214
38193073
54465693
69606956
18121618
76393913
51376763
60262694
33196835
10937034
91581301
37054537
76572312
63681515
65636598
80590476
99052356
25981539
516765
2693466
47518466
35334592
62153045
64102018
2318801
18139800
74223658
14163256
8880516
81880848
5910376
91401012
69295615
73956875
1064343
27211140
6737846
2157566
64534195
91572432
39627243
83040095
18445442
74089552
81089345
84368060
23106516
35331772
17819279
65360305
96776840
65408688
40254774
2609259
20448272
4209838
3870960
70247764
8430820
22243238
50929280
41092562
77137210
3385411
49899073
24980760
73405999
95368543
67031278
51769897
87377156
77052089
41235431
94439099
10681885
731568
60049470
14574029
70055129
36682446
15282439
23362532
97940230
55170016
97446797
37817454
45436225
43447270
87086450
43049290
92424596
58504407
12709908
33275877
53644055
40364054
54278194
44115364
36426255
15194518
39071698
12793331
35441545
655204
69557801
31114815
69124151
9696359
89418279
46851763
76365161
67759252
49298837
21464553
1204171
63554139
67023734
62933635
87824518
80478848
32795915
45852898
66112161
78558592
83003054
19558534
24263195
53010846
64192487
34474762
48924259
3364914
69075317
493436
45111631
14545049
70835504
92357831
6092267
45767289
21096647
83711841
74801861
79093689
37876042
56595554
9166001
93713064
78013542
77919255
17621759
31077618
67212746
12922823
14442759
93600870
43242891
378168
1115761
2683816
82252674
50221181
28435458
54473407
61024247
23541792
15230277
81391031
72063573
84190049
83410191
57279010
59818062
94675787
4401607
32542072
65227545
25783794
89153388
41627325
48670136
21088915
30672806
68019308
3724200
75951773
10131701
84224479
47969896
9926910
6352437
72846960
72439898
12532760
24636717
87133055
66501935
47279098
68060224
36062979
79465979
56699380
82352923
81026139
98900475
23556038
87049484
93429588
19160950
74628645
90046668
66308290
61734344
67538560
77923467
58686315
49503842
84301055
79516162
36288341
13673509
84524971
26619170
41442069
18292208
55106148
44179518
74880236
65983988
68719381
29696326
67090930
27656728
16167096
15036992
53508909
49271541
79987105
54595036
19579798
99212917
18592324
79116874
31171153
93197528
502899
20372344
27338447
64116275
16479894
51881494
630025
76150971
8604515
66097808
17472136
82844181
78159875
82504548
89343641
72195677
71022910
41950478
3491501
59200219
88667470
43108660
94300618
69708191
57326600
9457709
30525910
67797800
67864995
42075182
17283362
86563961
98169570
81755175
1076963
98162483
51497757
97668798
5548426
4949929
89649416
64954888
91519717
76275044
93723092
85355687
66223707
34375896
10082250
6796420
17125394
46031158
28789337
31433883
91720543
44437335
655103
38431125
66191157
68138578
40249631
7712828
37055661
66276565
81854357
83853239
73464387
2786625
52660522
85361635
75689384
51719268
41567663
48627483
14487080
3552053
25907262
84643403
38337191
59398031
75815151
99442700
67921332
34815710
24714301
30205754
50919011
5433827
35977301
86467133
81186165
16933715
9012969
18786787
10502323
47163634
31830778
98513719
50254366
55696328
12085228
2211802
59501344
38075083
61397588
21450484
78037777
7176912
99444126
67360334
6235077
72275041
93571729
39199994
1556528
88172460
79814578
33220394
21081826
64537566
92640152
1939289
4229750
29943134
9748199
75616200
12718732
7512595
68885996
87274411
55113188
53279190
54603310
79233683
64821978
91948339
80595067
34325610
16634477
42245560
96379900
51768390
14303225
34128542
11091469
15668986
50613468
40279623
49318082
700183
35608798
1055615
67360001
48243315
89841804
37756316
15710673
75136257
41699989
97882993
78817096
80234315
68397014
84880689
84881504
65653019
62117937
26933748
71980821
35762356
44748083
42519444
27371860
76745398
16981039
37381116
75942258
19916368
6657902
9155689
34586866
92539991
4709040
33434564
48913803
14902871
97278217
30297094
49817315
73270943
53311054
7697833
78734251
36713689
78416117
22372882
26363203
9007081
53338675
53017439
29556763
50952462
55636002
24019399
49748555
21120786
6613765
8078436
24773529
13480373
34344708
37861986
60108331
21415156
51847539
38742917
51990140
19234614
45949617
85117621
17728452
31620436
76159382
62070941
90505180
75032173
48151752
98464162
11263483
99935432
40709848
84935356
54400530
35533933
20056530
98537691
84456969
98881704
71934795
12083109
25646442
89861399
29464850
71483413
49442096
52255276
14835976
5776939
58233695
91341517
5536708
26534743
88919596
48538020
33376314
9326461
87197815
19061699
23771626
27695666
42971539
50757957
44574060
47708074
93458311
5461124
19761668
8376985
93594965
88750847
28544153
72629818
95145930
16306321
99693968
39807339
51708622
14215360
12843860
37906777
44193425
8937245
59030209
28634538
59470239
72526680
85590247
14635101
8330146
92489434
1834902
65701384
12389823
75896652
11891084
29776228
22451368
27817195
50375012
50886066
8047694
52252587
12797359
84113042
97299512
90478782
834005
67975157
4960311
39808892
55953697
4880033
77032035
34461967
21883744
34143575
29520748
18541727
68341715
53797381
81071165
15305600
81854675
18694832
51987573
68680759
15017814
4963131
61524408
42915488
91760542
21971786
57092542
18848231
16104918
30187686
6947267
40863631
76453906
11926057
80547163
26257713
43361610
64054516
77312340
9138009
22531814
21367310
52487751
43690673
47801486
4747074
15615355
24439979
70532627
613382
67850034
81550895
19369074
6445755
32225545
89662701
68840210
66569005
60314001
90458638
6113129
35875780
94359414
55312332
56693543
51805503
57903153
55752454
6200907
60090298
25670353
36031115
70445075
88156972
14107093
65701207
11875838
9852047
10104866
47312256
48655911
60797195
47681035
78541402
13487967
10894833
34104181
91201425
27720079
90745943
9140163
12134431
74773916
53902225
20357368
19751226
43233408
32327817
87765397
54958345
68645848
72450032
64716108
7941584
8874200
26642549
26020288
31045577
17211800
40035208
91620826
44411917
4675790
1540425
53962173
23661081
75475626
83010120
26307360
85943077
91939032
66123970
12382824
60196717
58351770
77773185
44026232
89724788
37077443
