100
654654564
65
6546
653
435
435
465
6
6544655
654566512965496
1651981295472947128521918948
89484998944
199984198719898198
198195415469198948418
15469849814521568687968768
1321635135131
6532065413203503514
35132106311469414800
6511614
864141804
1651981295472947128521918948
89484998944
199984198719898198
198195415469198948418
15469849814521568687968768
1321635135131
6532065413203503514
35132106311469414800
6511614
864141804
54
5
5
5
5
578
7
89
6865
4546
465
6868
465645
456468
465
645465
465
645
645
98798
7978
987
798
68
654
546
56465
4798
897
987
654
654
645
789798
687
654
654
354321132
654
86
65
4
36
836
36839
39
6876357
3687
86
3768
36873
6873
863
3876
867378
35
4453
368
63
3565
486684
465
654
684
465
65
645
684
687
876