311
77250860
68801684
4055720
53812794
5627193
60169142
81406912
60062593
41633496
48066904
10454906
85911904
20549289
1327107
50745101
95776040
4136029
15409832
52319031
69001245
92376509
9127963
42319142
11708795
45230798
81967054
63614664
7040977
92014967
77547576
99498772
12553924
41699884
28487794
32891863
98140807
10154974
97628411
69487803
35443839
54945003
12283650
30605990
7476709
69332013
95685825
70485952
46302243
62804299
63913278
56679221
25436273
81292238
63093026
82412196
58106241
35640086
30664267
43354735
49162536
28048503
66954161
41675673
77509928
47560106
96700427
3583991
45085410
45239466
18978950
78776842
64169420
16175391
79312599
20573804
51191742
26091739
8754844
5034562
30916536
2107467
54060929
15414050
63686688
20806271
24143226
95751641
69872753
67114890
10279745
26347629
32572962
5357056
53340892
17952242
28122234
16295399
67921115
5612880
9564341
36225220
9730598
1039583
29816205
37510499
8820336
14206162
18915236
92118845
27166865
42084366
87760915
66861002
96501430
69664327
2164612
13149637
10774935
29568392
72925945
32861267
21272307
88318136
63218462
81482867
51699022
58460252
63384362
28922297
31616495
76493380
24514240
22999441
12880384
61448285
18139295
30865312
59167899
5752953
15551188
38752470
392660
45590817
11226224
18138774
13671221
4612218
81168298
40904288
70968495
67962548
12750802
97560951
36674020
84534107
506045
86358656
63567763
11914603
4913537
48056942
39959625
77265456
45994118
36490389
36897392
15735864
87186508
21965893
85765919
76215325
68840156
295213
75953726
97261930
12471642
30870920
27508287
30023942
83740091
86691231
80785356
6035430
47757396
84964013
35093814
69242400
21964059
57763933
7899483
159296
50749683
35893200
87842683
90795776
52268919
46668446
58255916
94668420
25447163
63729177
18946152
50125634
30957662
18827238
58894888
34815062
97119944
85633656
93636132
9417887
95600121
24408331
21844992
39290750
87471329
41250635
67716629
49988613
77544146
58290327
11234722
5318180
32214845
5186863
66954614
54917420
95939424
48765942
58929005
85418970
19601323
39790354
14765395
48540446
74928861
11429950
62893449
4136654
4565119
73552599
33580862
72182569
50384157
80128638
60279424
58927474
18601746
50613779
39220145
88942683
86801016
85895873
51555316
28967801
3816359
93148290
1347536
30329372
1285225
47983962
4093840
30478162
79383663
64664143
57428316
4577975
28225509
8205718
8045423
88723561
60590130
82638482
45517954
62084056
11800198
50748465
7988514
88877065
33813989
16264530
24259131
33029991
32869592
17195201
49688844
5224419
82684119
44559870
41946870
2015393
5699088
68150840
1912649
61644504
97348297
20928979
22427811
89079108
99496989
52685467
25516603
6058242
92778647
79005235
35709430
68093878
18506851
13708097
58871213
31330503
