178
2011836
83787047
94006175
62923512
46631550
95196973
88742664
91994901
43549561
3399445
62506319
42822851
42548957
10329146
2138741
19744742
39883409
35934334
41988729
96781257
98871403
16201837
32956045
92114264
38626960
78705336
93636424
18291284
21455832
67979314
98025183
67474023
5487592
75777364
14571608
45299584
64837063
55485774
25525465
202634
30174651
30970549
41425389
44570095
22937444
16383199
91612073
56875320
38362798
42617042
98106992
31126000
51629209
21728297
33878120
10958035
80453696
49396819
85060318
31250419
14475526
71774010
54277922
60275032
80619996
12927482
89695870
7848188
98618456
67977327
93836265
488040
11458411
88632905
26479967
81631595
24669487
77444048
8773107
15075173
80290246
6532346
12646731
9126649
1203325
73976059
78660352
84717364
88284195
25158230
37867866
9244196
93491657
15792309
13465804
91132227
59501066
82709364
40710510
70925454
20376739
3813503
97613056
99890935
97567355
13314431
5998208
16950389
71653726
67921716
2816448
77406419
7488126
1477736
26433912
42037700
72467583
42127126
31437760
46745371
70671150
6735794
67427209
4739665
61537264
90063521
74740970
68805065
72588966
6003420
97422353
89654961
65048160
67376710
57602004
1310954
25084633
99420936
63144837
1890701
57781206
38075001
66953200
44396736
687885
53612231
81223034
44091372
53496197
59055890
3188076
2139057
97995179
30263691
42002941
40052830
12362016
24211786
52465481
74607080
41315140
47174110
85630175
7639631
47118270
94615163
62175651
70445703
45420957
39487365
44006122
28247771
41024666
12848837
13844743
46719935
31940824
68328713
